Region	'Gordon_167_roi'	'Gordon_168_roi'	'Gordon_170_roi'	'Gordon_182_roi'	'Gordon_200_roi'	'Gordon_211_roi'	'Gordon_219_roi'	'Gordon_236_roi'	'Gordon_240_roi'	'Gordon_247_roi'	'Gordon_250_roi'	'Gordon_253_roi'	'Gordon_254_roi'	'Gordon_257_roi'	'Gordon_259_roi'	'Gordon_260_roi'	'Gordon_261_roi'	'Gordon_272_roi'	'Gordon_273_roi'	'Gordon_275_roi'	'Gordon_276_roi'	'Gordon_277_roi'	'Gordon_284_roi'	'Gordon_302_roi'	'Gordon_319_roi'	'Gordon_320_roi'	'Gordon_326_roi'	'Gordon_327_roi'	'Gordon_328_roi'
'Gordon_107_roi'	0.033807167	0.030881818	0.054066052	0.096596806	-0.059521753	0.064673225	-0.000498598	0.078892045	0.009149516	0.069397689	0.02439988	0.070856747	0.022421964	0.025662856	-0.034037096	0.061953093	0.096729675	-0.013432557	0.107814958	0.139384313	0.126209341	-0.033145335	-0.001947273	-0.026258291	-0.076398484	0.009621963	0.030101174	0.047244818	0.045104316
'Gordon_108_roi'	0.109231564	0.023534613	0.12011793	0.130681317	0.040491506	0.03107513	0.007534163	0.022646479	0.194454602	0.063847166	-0.03094829	-0.019413802	-0.080804887	-0.020751111	0.147153426	0.152088249	0.107196424	0.291014455	0.187865618	0.003102764	0.036503272	0.126626849	0.053380128	0.065276687	0.091046598	0.051901669	0.126558008	0.26498839	0.135381723
'Gordon_109_roi'	0.09354769	0.045987262	0.156910444	0.19044627	0.050668137	0.056101861	-0.043957159	0.126463696	0.14900339	0.114609813	0.061778636	0.137431755	-0.009369273	0.015674685	0.143093439	0.167399554	0.184533701	0.1105788	0.383095432	0.150539884	0.209574876	0.090205485	0.05773057	0.041728691	0.018749138	0.092237325	0.132763989	0.193846809	0.130680841
'Gordon_110_roi'	0.218527988	0.414787046	0.08759778	0.228198503	0.053280562	0.193359031	0.316755931	0.465555809	0.117387198	0.180475658	0.275910982	0.016230885	0.166514893	0.06110322	-0.041136489	0.141883772	0.079993318	0.065965785	0.18108627	0.281026487	0.039980537	0.098433678	0.084689026	0.028654174	0.06754039	0.250830819	0.006285851	0.038354791	0.070671899
'Gordon_113_roi'	0.102273138	0.085894794	0.103230851	0.132280672	0.012587479	0.170963114	0.010978796	0.217264604	0.067946194	0.113873244	0.195777912	0.221098608	0.00114331	-0.020917212	0.019860138	0.089512393	0.192934956	-0.020754714	0.27104451	0.37176039	0.196788366	-0.005639101	0.035649904	-0.004816238	-0.082217179	0.01963125	0.095601054	0.092239203	0.079502862
'Gordon_114_roi'	0.124471547	0.17552939	0.011068839	0.149191271	0.117958118	0.017627824	0.087206451	0.138265517	0.139919952	0.120766607	-0.006189804	-0.027565192	0.058218169	0.044624132	0.087529378	0.124092348	0.018693254	0.209639587	0.147436697	-0.034443388	-0.029364993	0.339466985	0.154059416	0.046537457	0.3405966	0.303931994	0.087033964	0.158551224	0.101061659
'Gordon_115_roi'	0.142845407	0.105333709	0.044916845	0.1027879	0.102821275	0.041057679	0.096762608	0.12117479	0.179875936	0.105004368	-0.024424531	0.000977627	0.077850421	0.044537904	0.109960848	0.123372722	0.022528001	0.198894019	0.074856461	-0.031857511	-0.041019889	0.467777121	0.266099886	0.067402049	0.265720294	0.20779465	0.05560515	0.147138879	0.061783225
'Gordon_121_roi'	0.146656797	0.131731084	0.061269818	0.131284331	0.068205162	0.079505363	0.163130821	0.171153251	0.19461326	0.080153549	0.057573661	0.010540941	0.086062707	0.059350368	0.009459137	0.081874277	0.04846382	0.13220366	0.066570124	0.050704336	-0.03276356	0.309861745	0.440890696	0.052900307	0.114101726	0.118909891	0.010833868	0.056306103	0.064695718
'Gordon_133_roi'	0.212637496	0.148637746	0.340889426	0.089105662	0.135273474	0.129928867	0.104330122	0.195612569	0.26334678	0.083359538	0.070779995	0.181239707	-0.011417741	-0.002605624	0.272069764	0.203572844	0.158465854	0.142555098	0.211526366	0.125561906	0.017688391	0.113675243	0.08749428	0.186103049	0.020295531	0.050047302	0.196663719	0.184114466	0.033664657
'Gordon_149_roi'	0.086262348	0.226044237	-0.044617674	0.211569283	0.073026449	0.034534039	0.156444682	0.184856714	0.039669265	0.162288956	0.022562656	-0.047855029	0.145617444	0.070854714	-0.036875935	0.109481238	0.009796765	0.141439585	0.100985403	0.008602167	-0.026423251	0.231430475	0.106075634	-0.008618607	0.276074255	0.467203579	0.015814191	0.118483797	0.1116995
'Gordon_154_roi'	0.093751523	0.049263552	0.160275525	0.049761495	0.21600079	0.008729764	0.06302557	0.031651345	0.076259488	-0.005430928	-0.002663313	0.021955814	-0.016495774	0.010062052	0.29230737	0.076552674	0.020546038	0.171903004	0.075095385	-0.0486621	0.032264884	0.086758525	0.01964399	0.04101927	0.095887215	0.023506137	0.160931042	0.164695498	0.058254053
'Gordon_155_roi'	0.284705457	0.287045824	0.115367288	0.211224955	0.215789474	0.182054251	0.415389062	0.287024057	0.132558104	0.130893405	0.165952967	-0.012888057	0.17989209	0.122849434	0.083610829	0.187303672	0.045981992	0.269979137	0.131707326	0.136450738	0.003964552	0.188422426	0.116041175	0.069584806	0.164504948	0.266871456	0.149606006	0.164406701	0.155160412
'Gordon_156_roi'	0.205237224	0.078519392	0.166996716	0.157642902	0.336016051	0.126078458	0.048738904	0.118995362	0.15747394	0.075222931	-0.016027878	0.17327367	0.024817905	0.098204296	0.306769657	0.174873825	0.140874993	0.230970817	0.236666061	0.083295266	0.069602527	0.138606067	0.061824336	0.092600587	0.108612095	0.133452424	0.398137468	0.277550516	0.143747963
'Gordon_167_roi'		0.439087933	0.375662024	0.367918711	0.472114145	0.642542788	0.646070763	0.587400355	0.464602245	0.266282442	0.260563955	0.302557713	0.251273615	0.185576929	0.413491298	0.641257981	0.382077156	0.470489076	0.472775511	0.408022419	0.083016383	0.385998536	0.231188538	0.191934139	0.303656663	0.359717995	0.367058288	0.453477159	0.247370157
'Gordon_168_roi'	0.439087933		0.17074659	0.316547176	0.264202759	0.302833116	0.542928732	0.76190314	0.47155717	0.309719525	0.442296439	0.107668104	0.262931852	0.072181424	0.214254511	0.36936007	0.184184348	0.307579829	0.380917866	0.369453604	0.054513285	0.31974545	0.224165394	0.08606632	0.309281741	0.484275245	0.156858902	0.272269173	0.145157965
'Gordon_170_roi'	0.375662024	0.17074659		0.139813576	0.31019073	0.247551144	0.295799358	0.278827617	0.328406152	0.105712064	0.203826267	0.345583487	0.112046072	0.12869429	0.500019977	0.365285654	0.326879836	0.257945721	0.383617566	0.266530413	0.163461286	0.174107248	0.106204654	0.231753473	0.132202518	0.097175182	0.278961842	0.376509459	0.229307114
'Gordon_182_roi'	0.367918711	0.316547176	0.139813576		0.263645245	0.182823918	0.345954377	0.340511919	0.293021449	0.376610737	0.254538324	0.043072176	0.128794974	0.034555738	0.109323292	0.274856927	0.139134615	0.31650898	0.400534521	0.296089147	0.143934473	0.230201129	0.17414195	0.090580105	0.193399118	0.332207325	0.213044405	0.360594038	0.348893466
'Gordon_200_roi'	0.472114145	0.264202759	0.31019073	0.263645245		0.246702154	0.353513646	0.293273592	0.330328142	0.125690915	0.081189713	0.278563589	0.181896168	0.21430279	0.596054278	0.35514286	0.201494828	0.444620748	0.360976851	0.136868718	0.098835953	0.320790767	0.118093965	0.170417849	0.399981505	0.351205998	0.709146766	0.488899314	0.284796691
'Gordon_211_roi'	0.642542788	0.302833116	0.247551144	0.182823918	0.246702154		0.357817492	0.428841649	0.200918166	0.137060709	0.225319689	0.426289306	0.302240068	0.272669997	0.177607014	0.519738897	0.375369187	0.15401222	0.337602534	0.455751051	0.111040356	0.16503372	0.143750661	0.095221042	0.114396066	0.203782547	0.216582005	0.200393709	0.150056836
'Gordon_219_roi'	0.646070763	0.542928732	0.295799358	0.345954377	0.353513646	0.357817492		0.571183679	0.305052349	0.263812223	0.432354464	0.088980032	0.337155264	0.162805989	0.224265973	0.35768763	0.168379885	0.327862298	0.268014581	0.350321662	0.036182398	0.279500692	0.195416517	0.095576855	0.254668928	0.379766701	0.145022948	0.31799769	0.297220405
'Gordon_236_roi'	0.587400355	0.76190314	0.278827617	0.340511919	0.293273592	0.428841649	0.571183679		0.331707195	0.311012784	0.434327605	0.272439686	0.277293733	0.130423089	0.194996365	0.432235784	0.311551384	0.242305985	0.580327189	0.539990443	0.128918588	0.299147244	0.220756972	0.110249838	0.232703315	0.400993458	0.212496093	0.260857557	0.151451339
'Gordon_240_roi'	0.464602245	0.47155717	0.328406152	0.293021449	0.330328142	0.200918166	0.305052349	0.331707195		0.177085623	0.331040113	0.091397151	-0.036115647	-0.023293288	0.406363584	0.336786218	0.187945984	0.492726187	0.429229481	0.214763967	0.062401472	0.508435551	0.333704459	0.251119237	0.251483147	0.267736332	0.275899504	0.49771367	0.204684489
'Gordon_247_roi'	0.266282442	0.309719525	0.105712064	0.376610737	0.125690915	0.137060709	0.263812223	0.311012784	0.177085623		0.157331452	0.017779008	0.142652059	0.024169711	0.069321406	0.216507171	0.132912494	0.150208334	0.289278194	0.281878851	0.085456795	0.20946289	0.146492053	0.048399298	0.184771922	0.286151704	0.09841785	0.143652325	0.122826407
'Gordon_24_roi'	0.152089389	0.143611123	0.115904715	0.412508911	0.124496632	0.025080166	0.123966546	0.119715317	0.250850625	0.237350649	0.119538193	-0.058166339	-0.080215082	-0.059874887	0.124445463	0.1370514	0.051759132	0.221319567	0.243438984	0.071717683	0.042218837	0.155589698	0.104059037	0.069856202	0.08729271	0.15930706	0.137316352	0.272640497	0.21387587
'Gordon_250_roi'	0.260563955	0.442296439	0.203826267	0.254538324	0.081189713	0.225319689	0.432354464	0.434327605	0.331040113	0.157331452		0.092520409	0.04731753	-0.026052176	0.067106092	0.177299613	0.132833309	0.073378854	0.305102613	0.466421196	0.168660509	0.080139671	0.082775869	0.015740267	0.051071399	0.135736425	0.023674085	0.152135744	0.194488814
'Gordon_253_roi'	0.302557713	0.107668104	0.345583487	0.043072176	0.278563589	0.426289306	0.088980032	0.272439686	0.091397151	0.017779008	0.092520409		0.347163505	0.301809054	0.396974861	0.321793695	0.45030925	0.07546892	0.36593682	0.345569601	0.208011385	0.103247496	0.096504161	0.095628717	0.070368374	0.100291372	0.353935347	0.214454426	0.086793666
'Gordon_254_roi'	0.251273615	0.262931852	0.112046072	0.128794974	0.181896168	0.302240068	0.337155264	0.277293733	-0.036115647	0.142652059	0.04731753	0.347163505		0.538063658	0.184275093	0.327464339	0.255392302	0.084835624	0.154313936	0.139413132	0.054601871	0.199086867	0.112931642	0.044337662	0.231933865	0.274397652	0.120141205	0.137810946	0.171206723
'Gordon_257_roi'	0.185576929	0.072181424	0.12869429	0.034555738	0.21430279	0.272669997	0.162805989	0.130423089	-0.023293288	0.024169711	-0.026052176	0.301809054	0.538063658		0.203912148	0.221821386	0.215262833	0.112445966	0.130293692	0.059928278	0.036139333	0.153660207	0.071113404	0.039890569	0.131997853	0.181408533	0.211406986	0.148842766	0.146686291
'Gordon_259_roi'	0.413491298	0.214254511	0.500019977	0.109323292	0.596054278	0.177607014	0.224265973	0.194996365	0.406363584	0.069321406	0.067106092	0.396974861	0.184275093	0.203912148		0.472720288	0.321734861	0.499030916	0.441024125	0.050860116	0.149869387	0.353433866	0.08619511	0.228161074	0.42222741	0.249831287	0.564830061	0.605330104	0.23235696
'Gordon_260_roi'	0.641257981	0.36936007	0.365285654	0.274856927	0.35514286	0.519738897	0.35768763	0.432235784	0.336786218	0.216507171	0.177299613	0.321793695	0.327464339	0.221821386	0.472720288		0.639737946	0.393360084	0.491810766	0.281470433	0.13519022	0.314553935	0.204199194	0.185085789	0.295952365	0.302261415	0.350780987	0.439390173	0.22390764
'Gordon_261_roi'	0.382077156	0.184184348	0.326879836	0.139134615	0.201494828	0.375369187	0.168379885	0.311551384	0.187945984	0.132912494	0.132833309	0.45030925	0.255392302	0.215262833	0.321734861	0.639737946		0.191255767	0.414277147	0.327438948	0.22596368	0.143758606	0.123161826	0.108016921	0.089765977	0.137648738	0.25691394	0.279654821	0.145835775
'Gordon_272_roi'	0.470489076	0.307579829	0.257945721	0.31650898	0.444620748	0.15401222	0.327862298	0.242305985	0.492726187	0.150208334	0.073378854	0.07546892	0.084835624	0.112445966	0.499030916	0.393360084	0.191255767		0.391168173	0.093098306	0.085977078	0.419901968	0.182091792	0.214019353	0.432858769	0.365601355	0.389151278	0.675413767	0.279150729
'Gordon_273_roi'	0.472775511	0.380917866	0.383617566	0.400534521	0.360976851	0.337602534	0.268014581	0.580327189	0.429229481	0.289278194	0.305102613	0.36593682	0.154313936	0.130293692	0.441024125	0.491810766	0.414277147	0.391168173		0.464714906	0.352761487	0.34130711	0.169820241	0.15539266	0.273624518	0.356906139	0.375169159	0.518973114	0.333863299
'Gordon_275_roi'	0.408022419	0.369453604	0.266530413	0.296089147	0.136868718	0.455751051	0.350321662	0.539990443	0.214763967	0.281878851	0.466421196	0.345569601	0.139413132	0.059928278	0.050860116	0.281470433	0.327438948	0.093098306	0.464714906		0.324979263	0.048805264	0.115747977	0.022211472	0.000923227	0.144062339	0.140203429	0.211198272	0.192307191
'Gordon_276_roi'	0.083016383	0.054513285	0.163461286	0.143934473	0.098835953	0.111040356	0.036182398	0.128918588	0.062401472	0.085456795	0.168660509	0.208011385	0.054601871	0.036139333	0.149869387	0.13519022	0.22596368	0.085977078	0.352761487	0.324979263		0.032244682	0.025120442	-0.00445966	0.014603905	0.079950578	0.114629416	0.209787677	0.161460872
'Gordon_277_roi'	0.385998536	0.31974545	0.174107248	0.230201129	0.320790767	0.16503372	0.279500692	0.299147244	0.508435551	0.20946289	0.080139671	0.103247496	0.199086867	0.153660207	0.353433866	0.314553935	0.143758606	0.419901968	0.34130711	0.048805264	0.032244682		0.445455327	0.188055458	0.546732503	0.515112403	0.220664005	0.386638583	0.180210269
'Gordon_284_roi'	0.231188538	0.224165394	0.106204654	0.17414195	0.118093965	0.143750661	0.195416517	0.220756972	0.333704459	0.146492053	0.082775869	0.096504161	0.112931642	0.071113404	0.08619511	0.204199194	0.123161826	0.182091792	0.169820241	0.115747977	0.025120442	0.445455327		0.099724695	0.160629953	0.182353546	0.086444663	0.138350524	0.091128601
'Gordon_302_roi'	0.191934139	0.08606632	0.231753473	0.090580105	0.170417849	0.095221042	0.095576855	0.110249838	0.251119237	0.048399298	0.015740267	0.095628717	0.044337662	0.039890569	0.228161074	0.185085789	0.108016921	0.214019353	0.15539266	0.022211472	-0.00445966	0.188055458	0.099724695		0.139203007	0.109930504	0.148970018	0.18563333	0.061775998
'Gordon_319_roi'	0.303656663	0.309281741	0.132202518	0.193399118	0.399981505	0.114396066	0.254668928	0.232703315	0.251483147	0.184771922	0.051071399	0.070368374	0.231933865	0.131997853	0.42222741	0.295952365	0.089765977	0.432858769	0.273624518	0.000923227	0.014603905	0.546732503	0.160629953	0.139203007		0.57684225	0.258407912	0.361309473	0.182072079
'Gordon_320_roi'	0.359717995	0.484275245	0.097175182	0.332207325	0.351205998	0.203782547	0.379766701	0.400993458	0.267736332	0.286151704	0.135736425	0.100291372	0.274397652	0.181408533	0.249831287	0.302261415	0.137648738	0.365601355	0.356906139	0.144062339	0.079950578	0.515112403	0.182353546	0.109930504	0.57684225		0.249489442	0.360670705	0.246637272
'Gordon_326_roi'	0.367058288	0.156858902	0.278961842	0.213044405	0.709146766	0.216582005	0.145022948	0.212496093	0.275899504	0.09841785	0.023674085	0.353935347	0.120141205	0.211406986	0.564830061	0.350780987	0.25691394	0.389151278	0.375169159	0.140203429	0.114629416	0.220664005	0.086444663	0.148970018	0.258407912	0.249489442		0.500003936	0.198486601
'Gordon_327_roi'	0.453477159	0.272269173	0.376509459	0.360594038	0.488899314	0.200393709	0.31799769	0.260857557	0.49771367	0.143652325	0.152135744	0.214454426	0.137810946	0.148842766	0.605330104	0.439390173	0.279654821	0.675413767	0.518973114	0.211198272	0.209787677	0.386638583	0.138350524	0.18563333	0.361309473	0.360670705	0.500003936		0.582747448
'Gordon_328_roi'	0.247370157	0.145157965	0.229307114	0.348893466	0.284796691	0.150056836	0.297220405	0.151451339	0.204684489	0.122826407	0.194488814	0.086793666	0.171206723	0.146686291	0.23235696	0.22390764	0.145835775	0.279150729	0.333863299	0.192307191	0.161460872	0.180210269	0.091128601	0.061775998	0.182072079	0.246637272	0.198486601	0.582747448	
'Gordon_52_roi'	0.410170779	0.218996475	0.275175826	0.16170649	0.190270514	0.46570678	0.251906866	0.338612779	0.183026775	0.126558772	0.171335096	0.321987642	0.180144892	0.152147674	0.151629628	0.348866755	0.302445201	0.123817648	0.270908079	0.335192026	0.091158929	0.12923924	0.116083648	0.091542295	0.037106526	0.126385986	0.205639218	0.175123634	0.117895838
'Gordon_63_roi'	0.402828446	0.350392591	0.186765838	0.250403961	0.16289358	0.252107362	0.692646316	0.413829981	0.19162992	0.19055539	0.421389798	0.018785252	0.184667787	0.071591607	0.03404387	0.197664721	0.081589523	0.128929438	0.148812823	0.3240775	0.010739702	0.107425377	0.09997741	0.05072919	0.074547464	0.226888145	0.047678894	0.137970016	0.188706354
'Gordon_74_roi'	0.11802547	0.263745383	0.163943665	0.182286598	-0.038403802	0.141095087	0.149202523	0.300971781	0.21173695	0.140474604	0.418276666	0.065406219	-0.053202966	-0.066678605	-0.037557949	0.111543383	0.100437501	-0.017310251	0.240010738	0.319897249	0.077342238	0.045884164	0.092656131	0.006576161	-0.057114237	0.081545251	0.012092328	0.057350617	0.074386146
'Gordon_78_roi'	0.193363668	0.194332138	0.171331393	0.160384366	0.112536317	0.052340613	0.058456023	0.170335611	0.532332922	0.120938328	0.126406837	0.02080113	-0.098692841	-0.078225061	0.187119545	0.156161614	0.080799662	0.24824731	0.258206897	0.054762364	0.02144892	0.30149201	0.227271444	0.140628718	0.093109017	0.125191555	0.156215164	0.284822359	0.111254285
'Gordon_7_roi'	0.190734658	0.38621129	0.007635485	0.232631138	0.143709234	0.104266763	0.275570902	0.295377396	0.210985612	0.170902774	0.154656886	-0.043873142	0.163987479	0.064752617	0.039666153	0.164015684	-0.001182054	0.188449026	0.148086581	0.074236355	-0.017067687	0.247258253	0.100685637	0.0564245	0.214731216	0.416041584	0.077509752	0.163359576	0.115310146
'Gordon_88_roi'	0.198907918	0.066175958	0.249635085	0.039375615	0.1055326	0.317146118	0.046483179	0.213360487	0.050895694	0.007754198	0.080657483	0.706708958	0.263190713	0.211485447	0.134130859	0.195729721	0.340536707	-0.025493751	0.245874692	0.310804051	0.154358697	0.037498936	0.065656179	0.042528566	-0.033154478	0.049788824	0.181774762	0.097757491	0.03761245
'Gordon_93_roi'	0.162796861	0.141159599	0.08668207	0.071250771	0.152836003	0.24292106	0.14345372	0.130178328	-0.042794472	0.066026129	-0.031694931	0.32451827	0.662024761	0.522022574	0.147649533	0.2436779	0.207086059	0.05596679	0.086452128	0.066177492	0.025801449	0.131330995	0.051845389	0.02760622	0.118761676	0.172145975	0.142786167	0.101513756	0.124660658
'Gordon_94_roi'	0.172568469	0.080199283	0.299560739	0.051529667	0.257339844	0.031565673	0.018596989	0.055732752	0.282141455	0.003105476	-0.027705835	0.109173313	-0.016545568	0.015529726	0.710731664	0.242249448	0.107898205	0.306589143	0.228041508	-0.074369338	0.037628058	0.211728598	0.039622269	0.152110743	0.230927911	0.098925931	0.297763541	0.336676166	0.082829813
'Gordon_95_roi'	0.225840285	0.074697905	0.353832108	0.043408577	0.233266837	0.258192468	0.046766613	0.168637973	0.134712965	0.036848529	0.049600832	0.509644359	0.180140338	0.171296881	0.406851165	0.275161666	0.286365124	0.096545218	0.291031702	0.178729654	0.12733198	0.092118405	0.056505116	0.098044696	0.064937722	0.059685331	0.289405927	0.199252575	0.074232407
'Gordon_96_roi'	0.342976284	0.188409621	0.306751651	0.158067553	0.153967632	0.307721088	0.138036934	0.274456416	0.218814341	0.123503198	0.059170204	0.333630624	0.261886518	0.174794481	0.310320921	0.462081512	0.442666723	0.199565481	0.369908821	0.192773033	0.11463548	0.204808309	0.141447796	0.139009211	0.123802064	0.158695809	0.210403433	0.269717865	0.140340597
'Gordon_9_roi'	0.18691713	0.072624072	0.431837776	0.074925507	0.076029693	0.095791837	0.138800354	0.14812596	0.182626305	0.055926755	0.10929124	0.14717536	0.006892101	-0.003834827	0.208579616	0.182549073	0.162123555	0.073319719	0.154753604	0.110749551	0.029548478	0.049834544	0.062266124	0.112591887	-0.027169375	-0.020623775	0.112534496	0.118886682	0.026209759
